matRowVet
N                 Memory bandwidth [MBytes/s]  Memory bandwidth [MBytes/s] (optimized)
64                6776.8508                    4897.3444
100               5555.0754                    3080.9812
128               5071.9846                    2353.9565
1000              6124.7972                    873.0081
1024              6150.9628                    1268.7190
2000              6298.3796                    1227.2069
2048              6297.1856                    1255.3580
3000              6190.5914                    1225.6426
4096              6196.7300                    1218.2995
5000              6214.3684                    1214.2314
----------------
N                 Time elapsed [s]             Time elapsed [s] (optimized)
64                0.000011                     0.000007
100               0.000026                     0.000018
128               0.000043                     0.000028
1000              0.002591                     0.001695
1024              0.002704                     0.001757
2000              0.010287                     0.006723
2048              0.010825                     0.007070
3000              0.023297                     0.015169
4096              0.043387                     0.028280
5000              0.064505                     0.042194
----------------
N                 Data cache miss ratio        Data cache miss ratio (optimized)
64                0.3221                       0.2763
100               0.3435                       0.3134
128               0.3536                       0.3237
1000              0.2990                       0.3325
1024              0.2965                       0.2976
2000              0.2781                       0.2782
2048              0.3017                       0.2901
3000              0.2430                       0.2422
4096              0.2427                       0.2314
5000              0.2448                       0.2356
----------------
N                 DP MFLOP/s                   AVX DP MFLOP/s                           DP MFLOP/s (optimized)  AVX DP MFLOP/s (optimized)
64                765.8135                     0                                        1149.7287               0
100               747.7489                     0                                        1130.8739               0
128               761.7742                     0                                        1183.7837               0
1000              779.8712                     0                                        1172.1595               0
1024              770.6338                     0                                        1205.6813               0
2000              775.5923                     0                                        1183.8984               0
2048              777.0131                     0                                        1194.7675               0
3000              773.9533                     0                                        1179.1030               0
4096              775.3010                     0                                        1188.3129               0
5000              775.8913                     0                                        1182.0945               0

multMatMatRow
N                 Memory bandwidth [MBytes/s]  Memory bandwidth [MBytes/s] (optimized)
64                155.7975                     1012.4905
100               111.1797                     583.9735
128               80.6126                      411.7339
1000              2193.0967                    8760.1752
1024              9917.8997                    8758.7456
2000              11534.5068                   14567.6856
2048              10505.9624                   8130.6860
3000              20456.9023                   13585.4889
4096              11700.7906                   6054.8252
5000              23725.1597                   13250.7656
----------------
N                 Time elapsed [s]             Time elapsed [s] (optimized)
64                0.000931                     0.000083
100               0.003604                     0.000276
128               0.008065                     0.000660
1000              5.800312                     0.431378
1024              17.982710                    0.949112
2000              61.498840                    4.134241
2048              184.509200                   11.349710
3000              247.307900                   14.475180
4096              1475.549000                  101.011300
5000              1219.920000                  70.633960
----------------
N                 Data cache miss ratio        Data cache miss ratio (optimized)
64                0.0168                       0.1678
100               0.0260                       0.0711
128               0.0026                       0.0331
1000              0.0993                       0.3500
1024              0.3989                       0.3741
2000              0.3124                       0.3865
2048              0.3100                       0.3058
3000              0.4122                       0.3838
4096              0.3122                       0.3089
5000              0.4164                       0.3873
----------------
N                 DP MFLOP/s                   AVX DP MFLOP/s                           DP MFLOP/s (optimized)  AVX DP MFLOP/s (optimized)
64                561.7725                     0                                        790.6216                0
100               561.3915                     0                                        801.5600                0
128               521.2310                     0                                        792.3914                0
1000              343.0509                     0                                        581.1238                0
1024              119.3941                     0                                        288.1068                0
2000              259.4941                     0                                        481.3709                0
2048              93.6926                      0                                        190.1384                0
3000              217.8676                     0                                        461.5738                0
4096              93.1612                      0                                        169.8310                0
5000              204.5304                     0                                        441.3561                0

